! Loc_lbv.dat             
! Arm segment: Loc         8.2   -25.0  45.0      8.60           5.00
    68.       -0.5       5.5       8.18     41.0       5.77
    69.       -0.5       5.2       8.201    39.306     5.565
    70.000    -0.362     4.8       8.222    37.610     5.340
    71.000    -0.189     4.5       8.243    35.941     5.117
    72.000    -0.016     4.2       8.264    34.301     4.897
    73.000     0.084     3.8       8.284    32.692     4.679
    74.000     0.121     3.5       8.304    31.117     4.464
    75.000     0.157     3.2       8.324    29.578     4.254
    76.000     0.194     2.8       8.343    28.079     4.047
    77.000     0.230     2.5       8.361    26.622     3.845
    78.000     0.267     2.2       8.379    25.211     3.649
    79.000     0.303     1.8       8.397    23.847     3.458
    80.000     0.340     1.514     8.414    22.534     3.274
    81.000     0.377     3.197     8.430    21.274     3.097
    82.000     0.530     4.291     8.446    20.070     2.927
    83.000     0.826     3.278     8.460    18.923     2.764
    84.000     1.123     2.265     8.474    17.834     2.610
    85.000     1.420     1.688     8.488    16.804     2.463
    86.000     1.716     1.159     8.500    15.834     2.325
    87.000     2.013     0.629     8.512    14.922     2.195
    88.000     2.310     0.099     8.523    14.068     2.073
    89.000     2.598    -0.431     8.534    13.271     1.959
    90.000     2.880    -0.960     8.543    12.527     1.853
    91.000     3.163    -1.255     8.552    11.835     1.754
    92.000     3.445    -1.313     8.561    11.192     1.663
    93.000     3.763    -1.370     8.569    10.594     1.577
    94.000     4.081    -1.428     8.576    10.040     1.499
    95.000     4.399    -1.485     8.583     9.526     1.426
    96.000     4.717    -1.526     8.589     9.049     1.358
    97.000     5.035    -1.563     8.595     8.606     1.296
    98.000     5.353    -1.600     8.600     8.195     1.238
    99.000     5.671    -1.638     8.605     7.812     1.184
   100.000     5.988    -1.675     8.610     7.456     1.134
   101.000     6.306    -1.713     8.614     7.124     1.088
   102.000     6.570    -1.750     8.618     6.814     1.045
   103.000     6.751    -2.317     8.622     6.525     1.005
   104.000     6.932    -3.183     8.626     6.254     0.968
   105.000     7.113    -4.049     8.629     6.000     0.934
   106.000     7.294    -4.914     8.632     5.762     0.901
   107.000     7.475    -5.780     8.635     5.538     0.871
   108.000     7.656    -6.645     8.638     5.326     0.843
   109.000     7.837    -6.528     8.640     5.127     0.817
   110.000     8.018    -6.322     8.643     4.939     0.792
   111.000     8.198    -6.116     8.645     4.761     0.769
   112.000     8.356    -5.909     8.648     4.593     0.747
   113.000     8.339    -5.703     8.650     4.433     0.726
   114.000     8.322    -5.497     8.652     4.281     0.707
   115.000     8.305    -5.484     8.654     4.136     0.689
   116.000     8.288    -5.576     8.655     3.998     0.671
   117.000     8.270    -5.669     8.657     3.866     0.655
   118.000     8.253    -5.761     8.659     3.740     0.640
   119.000     8.236    -5.853     8.660     3.620     0.625
   120.000     8.219    -5.945     8.662     3.505     0.611
   121.000     8.202    -5.991     8.663     3.394     0.598
   122.000     8.185    -6.033     8.665     3.288     0.586
   123.000     8.106    -6.075     8.666     3.186     0.574
   124.000     7.997    -6.117     8.667     3.087     0.563
   125.000     7.888    -6.159     8.669     2.992     0.552
   126.000     7.779    -6.201     8.670     2.901     0.542
   127.000     7.670    -6.161     8.671     2.813     0.533
   128.000     7.561    -6.043     8.672     2.727     0.524
   129.000     7.451    -5.925     8.673     2.645     0.515
   130.000     7.342    -5.807     8.674     2.564     0.507
   131.000     7.233    -5.689     8.675     2.487     0.499
   132.000     7.093    -5.571     8.676     2.411     0.491
   133.000     6.858    -5.453     8.677     2.338     0.484
   134.000     6.623    -5.365     8.678     2.267     0.477
   135.000     6.388    -5.278     8.679     2.198     0.471
   136.000     6.153    -5.192     8.680     2.130     0.464
   137.000     5.917    -5.105     8.681     2.065     0.459
   138.000     5.682    -5.018     8.682     2.000     0.453
   139.000     5.447    -4.931     8.683     1.938     0.447
   140.000     5.212    -4.845     8.683     1.876     0.442
   141.000     4.977    -4.758     8.684     1.816     0.437
   142.000     4.741    -4.669     8.685     1.758     0.433
   143.000     4.506    -4.564     8.686     1.700     0.428
   144.000     4.271    -4.460     8.687     1.644     0.424
   145.000     3.797    -4.355     8.687     1.589     0.420
   146.000     3.300    -4.250     8.688     1.534     0.416
   147.000     2.803    -4.145     8.689     1.481     0.412
   148.000     2.306    -4.041     8.689     1.429     0.409
   149.000     1.808    -3.936     8.690     1.377     0.405
   150.000     1.311    -3.831     8.691     1.327     0.402
   151.000     0.814    -3.727     8.691     1.277     0.399
   152.000     0.317    -3.576     8.692     1.227     0.396
   153.000    -0.180    -3.316     8.693     1.179     0.394
   154.000    -0.677    -3.057     8.693     1.131     0.391
   155.000    -1.240    -2.798     8.694     1.083     0.389
   156.000    -1.957    -2.539     8.695     1.036     0.387
   157.000    -2.675    -2.280     8.695     0.990     0.384
   158.000    -3.393    -2.007     8.696     0.944     0.382
   159.000    -4.111    -1.702     8.696     0.899     0.381
   160.000    -4.829    -1.396     8.697     0.854     0.379
   161.000    -5.547    -1.091     8.698     0.809     0.377
   162.000    -6.264    -0.785     8.698     0.765     0.376
   163.000    -6.982    -0.479     8.699     0.721     0.374
   164.000    -7.703    -0.174     8.699     0.678     0.373
   165.000    -8.472     0.132     8.700     0.634     0.372
   166.000    -9.242     0.516     8.701     0.591     0.371
   167.000   -10.011     0.939     8.701     0.549     0.370
   168.000   -10.781     1.362     8.702     0.506     0.369
   169.000   -11.550     1.785     8.702     0.463     0.369
   170.000   -11.960     2.208     8.703     0.421     0.368
   171.000   -12.245     2.631     8.703     0.379     0.368
   172.000   -12.529     3.054     8.704     0.337     0.367
   173.000   -12.814     3.406     8.704     0.295     0.367
   174.000   -13.098     3.599     8.705     0.253     0.367
   175.000   -12.586     3.793     8.706     0.211     0.367
   176.000   -12.028     3.986     8.706     0.169     0.367
   177.000   -11.469     4.180     8.707     0.127     0.367
   178.000   -10.911     4.373     8.707     0.085     0.367
   179.000   -10.352     4.567     8.708     0.042     0.368
   180.000    -9.794     4.211     8.708     0.000     0.368
   181.000    -9.356     3.532     8.709    -0.042     0.369
   182.000    -9.264     2.853     8.709    -0.085     0.370
   183.000    -9.172     2.174     8.710    -0.127     0.371
   184.000    -9.080     1.567     8.711    -0.170     0.371
   185.000    -8.988     1.065     8.711    -0.213     0.373
   186.000    -8.896     0.563     8.712    -0.257     0.374
   187.000    -8.804     0.062     8.712    -0.300     0.375
   188.000    -8.712    -0.440     8.713    -0.344     0.376
   189.000    -8.620    -0.942     8.714    -0.389     0.378
   190.000    -8.528     0.350     8.714    -0.433     0.380
   191.000    -8.435     2.481     8.715    -0.478     0.381
   192.000    -8.356     3.891     8.715    -0.524     0.383
   193.000    -8.307     4.029     8.716    -0.570     0.385
   194.000    -8.259     4.168     8.717    -0.616     0.388
   195.000    -8.210     4.306     8.717    -0.663     0.390
   196.000    -8.161     4.444     8.718    -0.711     0.392
   197.000    -8.113     4.583     8.718    -0.759     0.395
   198.000    -8.064     4.886     8.719    -0.807     0.398
   199.000    -8.015     5.239     8.720    -0.857     0.401
   200.000    -7.966     5.591     8.720    -0.907     0.404
   201.000    -7.918     5.943     8.721    -0.958     0.407
   202.000    -7.876     6.295     8.722    -1.010     0.410
   203.000    -8.323     6.648     8.722    -1.062     0.414
   204.000    -8.771     7.000     8.723    -1.116     0.418
   205.000    -9.219     7.443     8.724    -1.170     0.422
   206.000    -9.666     8.014     8.725    -1.226     0.426
   207.000   -10.114     8.586     8.725    -1.282     0.430
   208.000   -10.561     8.893     8.726    -1.340     0.435
   209.000   -10.879     9.079     8.727    -1.399     0.439
   210.000   -10.537     9.264     8.728    -1.459     0.444
   211.000   -10.194     9.450     8.729    -1.521     0.450
   212.000    -9.852     9.636     8.729    -1.584     0.455
   213.000    -9.510     9.822     8.730    -1.648     0.461
   214.000    -9.167    10.008     8.731    -1.714     0.467
   215.000    -8.825    10.231     8.732    -1.782     0.474
   216.000    -8.482    10.469     8.733    -1.852     0.480
   217.000    -8.140    10.706     8.734    -1.923     0.487
   218.000    -7.688    10.944     8.735    -1.997     0.494
   219.000    -6.910    11.181     8.736    -2.073     0.502
   220.000    -6.132    11.658     8.737    -2.151     0.510
   221.000    -5.354    12.748     8.738    -2.232     0.519
   222.000    -4.576    13.837     8.739    -2.315     0.528
   223.000    -3.798    14.630     8.740    -2.401     0.537
   224.000    -3.019    15.011     8.742    -2.490     0.547
   225.000    -2.271    15.334     8.743    -2.582     0.557
   226.000    -2.074    15.562     8.744    -2.677     0.568
   227.000    -1.876    15.790     8.745    -2.777     0.579
   228.000    -1.679    16.018     8.747    -2.880     0.591
   229.000    -1.481    16.235     8.748    -2.987     0.604
   230.000    -1.284    16.452     8.750    -3.098     0.617
   231.000    -1.086    16.669     8.751    -3.215     0.632
   232.000    -0.888    16.885     8.753    -3.336     0.646
   233.000    -0.691    17.149     8.755    -3.463     0.662
   234.000    -0.610    17.604     8.756    -3.596     0.679
   235.000    -0.652    18.059     8.758    -3.736     0.697
   236.000    -0.694    18.514     8.760    -3.882     0.715
   237.000    -0.736    18.970     8.762    -4.035     0.735
   238.000    -0.763    19.425     8.764    -4.197     0.756
   239.000    -0.763    19.880     8.767    -4.368     0.779
   250.000    -0.760    20.000     8.803    -7.096     1.157
