! OSC_lbv.dat             
! WARNING: following from kinematic distances, NOT parallaxes
! Commented out within 15 degrees of GC or anticenter
!     0.100    -0.182    -0.464    77.424   179.889    85.764
!     1.000    -0.169    -1.757    14.366   178.419    22.704
!     2.000    -0.148    -3.049    13.114   176.728    21.445
!     3.000    -0.128    -4.342    12.746   175.038    21.067
!     4.000    -0.107    -5.635    12.571   173.348    20.878
!     5.000    -0.087    -6.927    12.469   171.658    20.756
!     6.000    -0.066    -8.220    12.404   169.970    20.668
!     7.000    -0.045    -9.513    12.360   168.283    20.596
!     8.000    -0.025   -10.805    12.328   166.597    20.532
!     9.000    -0.004   -12.171    12.341   164.931    20.509
!    10.000     0.017   -13.586    12.374   163.279    20.502
!    11.000     0.037   -15.000    12.402   161.628    20.487
!    12.000     0.058   -16.415    12.429   159.980    20.465
!    13.000     0.078   -17.829    12.452   158.335    20.436
!    14.000     0.099   -19.244    12.475   156.692    20.403
    15.000     0.120   -21.137    12.642   155.169    20.512
    16.000     0.140   -23.747    13.010   153.823    20.823
    17.000     0.161   -26.357    13.357   152.482    21.108
    18.000     0.181   -28.968    13.685   151.145    21.372
    19.000     0.233   -31.578    13.997   149.814    21.616
    20.000     0.286   -33.457    14.078   148.310    21.623
    21.000     0.338   -34.849    14.021   146.692    21.485
    22.000     0.390   -35.865    13.875   144.987    21.251
    23.000     0.443   -35.373    13.391   142.916    20.666
    24.000     0.495   -34.882    12.977   140.847    20.145
    25.000     0.550   -34.391    12.619   138.780    19.675
    26.000     0.682   -38.469    13.147   137.854    20.125
    27.000     0.814   -43.480    13.878   137.168    20.783
    28.000     0.947   -47.657    14.453   136.282    21.277
    29.000     1.079   -49.278    14.467   134.771    21.185
    30.000     1.133   -50.261    14.351   133.107    20.954
    31.000     1.179   -51.243    14.246   131.451    20.731
    32.000     1.225   -52.355    14.175   129.834    20.542
    33.000     1.271   -53.660    14.148   128.273    20.394
    34.000     1.337   -54.965    14.125   126.721    20.247
    35.000     1.404   -56.270    14.106   125.177    20.102
    36.000     1.471   -57.575    14.091   123.642    19.958
    37.000     1.538   -58.254    13.977   121.956    19.706
    38.000     1.604   -58.515    13.808   120.170    19.390
    39.000     1.636   -58.776    13.653   118.392    19.085
    40.000     1.636   -61.200    13.824   117.183    19.131
    41.000     1.636   -66.868    14.496   116.825    19.718
    42.000     1.734   -67.732    14.423   115.237    19.498
    43.000     1.873   -68.596    14.357   113.660    19.281
    44.000     2.011   -69.460    14.296   112.094    19.069
    45.000     2.149   -70.324    14.242   110.538    18.860
    46.000     2.182   -71.188    14.192   108.993    18.655
    47.000     2.182   -72.223    14.171   107.505    18.479
    48.000     2.182   -73.943    14.246   106.212    18.408
    49.000     2.265   -75.663    14.323   104.931    18.338
    50.000     2.480   -77.382    14.402   103.665    18.268
    51.000     2.696   -78.919    14.457   102.364    18.171
    52.000     2.909   -80.411    14.509   101.066    18.070
    53.000     2.909   -81.903    14.563    99.782    17.969
    54.000     2.909   -88.231    15.286    99.808    18.619
    55.000     2.909   -90.480    15.451    98.759    18.642
    56.000     2.909   -92.729    15.619    97.726    18.669
    57.000     3.064   -94.133    15.667    96.484    18.561
    58.000     3.240   -95.326    15.687    95.201    18.422
    59.000     3.416   -96.520    15.712    93.935    18.286
    60.000     3.592   -99.391    15.983    93.135    18.428
    61.000     3.636  -101.615    16.166    92.178    18.470
    62.000     3.636  -102.868    16.208    90.978    18.354
    63.000     3.636  -104.120    16.254    89.795    18.242
    64.000     3.636  -105.322    16.297    88.616    18.127
    65.000     3.636  -106.446    16.333    87.433    18.003
    66.000     3.636  -107.571    16.373    86.268    17.885
    67.000     3.636  -108.439    16.380    85.052    17.728
    68.000     3.578  -109.242    16.383    83.835    17.567
    69.000     3.336  -110.045    16.390    82.637    17.411
    70.000     3.093  -110.848    16.401    81.456    17.260
    71.000     3.091  -111.651    16.418    80.295    17.115
    72.000     3.091  -112.454    16.439    79.151    16.976
    73.000     3.091  -113.257    16.465    78.027    16.843
    74.000     3.091  -114.061    16.495    76.921    16.715
    75.000     3.137  -114.864    16.531    75.835    16.593
    76.000     3.191  -115.667    16.571    74.768    16.478
    77.000     3.245  -116.470    16.615    73.720    16.369
    78.000     3.331  -117.273    16.665    72.692    16.266
    79.000     3.452  -118.076    16.720    71.683    16.170
    80.000     3.573  -118.630    16.744    70.625    16.040
    81.000     3.734  -119.121    16.765    69.571    15.906
    82.000     3.938  -119.612    16.790    68.535    15.779
    83.000     4.142  -119.679    16.761    67.404    15.590
    84.000     4.346  -119.110    16.648    66.117    15.306
    85.000     4.425  -118.540    16.541    64.849    15.030
    86.000     4.491  -117.971    16.441    63.601    14.763
    87.000     4.558  -117.401    16.348    62.372    14.504
    88.000     4.625  -117.140    16.301    61.249    14.300
    89.000     4.692  -116.879    16.260    60.146    14.104
    90.000     4.786  -116.618    16.223    59.063    13.915
    91.000     4.911  -116.357    16.191    58.001    13.733
    92.000     5.036  -116.074    16.161    56.952    13.555
    93.000     5.161  -115.703    16.124    55.900    13.370
    94.000     5.286  -115.331    16.092    54.868    13.192
    95.000     5.411  -114.960    16.064    53.856    13.022
    96.000     5.314  -114.589    16.041    52.864    12.858
    97.000     5.099  -114.218    16.023    51.893    12.702
    98.000     4.884  -113.846    16.008    50.942    12.553
    99.000     4.669  -113.475    15.999    50.011    12.410
   100.000     4.453  -113.104    15.993    49.100    12.275
   101.000     4.283  -113.125    16.044    48.318    12.207
   102.000     4.145  -114.716    16.310    47.989    12.389
   103.000     4.006  -116.308    16.593    47.676    12.590
   104.000     3.868  -117.899    16.892    47.377    12.810
   105.000     3.729  -119.490    17.211    47.092    13.051
   106.000     3.591  -118.200    17.102    46.046    12.808
   107.000     3.453  -116.910    16.999    45.019    12.573
   108.000     3.314  -115.620    16.901    44.011    12.347
   109.000     3.252  -114.331    16.809    43.022    12.129
   110.000     3.223  -113.041    16.721    42.051    11.918
   111.000     3.193  -111.751    16.639    41.099    11.716
   112.000     3.164  -110.803    16.611    40.257    11.578
   113.000     3.135  -111.221    16.796    39.801    11.680
   114.000     3.105  -111.443    16.961    39.308    11.761
   115.000     2.942  -110.880    17.012    38.621    11.716
   116.000     2.647  -110.318    17.070    37.951    11.680
   117.000     2.352  -109.756    17.134    37.298    11.653
   118.000     2.057  -109.193    17.206    36.661    11.635
   119.000     1.811  -108.631    17.286    36.040    11.628
   120.000     1.774  -107.967    17.355    35.407    11.611
   121.000     1.737  -107.302    17.433    34.790    11.604
   122.000     1.699  -106.638    17.519    34.189    11.608
   123.000     1.662  -105.974    17.613    33.602    11.623
   124.000     1.649  -105.221    17.701    33.007    11.631
   125.000     1.689  -104.409    17.786    32.411    11.638
   126.000     1.730  -103.597    17.880    31.830    11.656
   127.000     1.770  -102.784    17.984    31.262    11.686
   128.000     1.810  -101.972    18.098    30.708    11.728
   129.000     1.507  -101.160    18.224    30.167    11.784
   130.000     1.119  -100.348    18.362    29.639    11.854
   131.000     1.033   -99.432    18.490    29.098    11.914
   132.000     0.970   -98.360    18.595    28.530    11.951
   133.000     0.908   -97.287    18.711    27.974    12.001
   134.000     0.846   -96.215    18.839    27.431    12.065
   135.000     0.783   -95.143    18.982    26.900    12.145
   136.000     0.712   -94.070    19.139    26.380    12.242
   137.000     0.574   -92.998    19.313    25.872    12.357
   138.000     0.436   -91.926    19.505    25.375    12.492
   139.000     0.297   -89.707    19.383    24.604    12.301
   140.000     0.159   -87.488    19.266    23.844    12.116
   141.000     0.020   -85.270    19.153    23.096    11.939
   142.000    -0.118   -83.051    19.044    22.359    11.767
   143.000    -0.269   -80.832    18.939    21.632    11.601
   144.000    -0.430   -78.614    18.838    20.916    11.442
   145.000    -0.592   -76.962    18.915    20.351    11.468
   146.000    -0.753   -75.689    19.127    19.888    11.636
   147.000    -0.915   -74.416    19.364    19.434    11.829
   148.000    -1.076   -73.142    19.628    18.988    12.052
   149.000    -1.267   -71.869    19.925    18.550    12.307
   150.000    -1.461   -70.596    20.257    18.121    12.601
   151.000    -1.654   -69.323    20.633    17.699    12.939
   152.000    -1.848   -68.049    21.058    17.284    13.327
   153.000    -2.042   -66.617    21.462    16.839    13.694
   154.000    -2.236   -64.947    21.793    16.342    13.989
   155.000    -2.429   -63.276    22.172    15.853    14.331
   156.000    -2.623   -61.606    22.608    15.370    14.733
   157.000    -2.817   -59.877    23.071    14.880    15.163
   158.000    -3.010   -58.061    23.546    14.375    15.605
   159.000    -3.204   -56.245    24.100    13.876    16.128
   160.000    -3.398   -54.430    24.755    13.383    16.753
   161.000    -3.592   -52.614    25.533    12.895    17.502
   162.000    -3.785   -50.747    26.414    12.401    18.356
   163.000    -3.927   -48.868    27.473    11.908    19.389
   164.000    -4.058   -46.988    28.788    11.420    20.679
