! Outer_lbv.dat           
! Arm segment: Out        23.0   -15.0 180.0     12.40          10.50
     0.000    -0.021    -0.930     7.462   180.000    15.802
     1.000    -0.025    -0.930     7.513   177.890    15.851
     2.000    -0.030    -0.930     7.564   175.795    15.894
     3.000    -0.034    -0.930     7.615   173.714    15.931
     4.000    -0.039    -0.930     7.666   171.648    15.964
     5.000    -0.044    -0.930     7.718   169.596    15.991
     6.000    -0.049    -0.930     7.769   167.557    16.014
     7.000    -0.053    -0.930     7.820   165.532    16.031
     8.000    -0.058    -0.930     7.871   163.520    16.043
     9.000    -0.063    -0.930     7.922   161.521    16.051
    10.000    -0.068    -0.930     7.973   159.535    16.053
    11.000    -0.085    -0.930     8.024   157.561    16.051
    12.000    -0.102    -0.930     8.075   155.600    16.044
    13.000    -0.119    -0.930     8.126   153.652    16.033
    14.000    -0.135    -0.930     8.177   151.715    16.016
    15.000    -0.152    -0.930     8.228   149.791    15.996
    16.000    -0.127    -0.930     8.279   147.879    15.971
    17.000    -0.098    -0.930     8.330   145.980    15.941
    18.000    -0.069    -0.930     8.381   144.092    15.907
    19.000    -0.042    -0.930     8.432   142.216    15.869
    20.000    -0.041    -1.660     8.483   140.352    15.826
    21.000    -0.061    -2.833     8.534   138.500    15.780
    22.000    -0.073    -4.006     8.585   136.660    15.729
    23.000    -0.073    -5.180     8.636   134.831    15.675
    24.000    -0.068    -6.353     8.687   133.015    15.616
    25.000    -0.015    -7.917     8.738   131.211    15.554
    26.000     0.037    -9.713     8.789   129.418    15.488
    27.000    -0.060   -11.509     8.839   127.638    15.418
    28.000    -0.026   -13.237     8.890   125.869    15.345
    29.000     0.042   -14.952     8.941   124.113    15.269
    30.000     0.132   -16.666     8.991   122.369    15.189
    31.000     0.223   -18.380     9.042   120.637    15.105
    32.000     0.302   -20.534     9.092   118.917    15.019
    33.000     0.324   -23.258     9.143   117.210    14.929
    34.000     0.358   -25.134     9.193   115.515    14.836
    35.000     0.429   -25.920     9.243   113.833    14.741
    36.000     0.500   -27.805     9.293   112.163    14.642
    37.000     0.489   -30.068     9.343   110.507    14.541
    38.000     0.308   -32.544     9.393   108.863    14.437
    39.000     0.217   -34.588     9.443   107.232    14.331
    40.000     0.409   -35.287     9.492   105.614    14.222
    41.000     0.602   -35.985     9.541   104.009    14.111
    42.000     0.733   -37.931     9.591   102.418    13.998
    43.000     0.626   -42.616     9.640   100.840    13.882
    44.000     0.520   -45.968     9.689    99.276    13.765
    45.000     0.734   -47.892     9.737    97.726    13.646
    46.000     0.746   -48.067     9.786    96.190    13.525
    47.000     0.541   -48.242     9.834    94.667    13.402
    48.000     0.713   -48.416     9.882    93.159    13.278
    49.000     0.846   -48.591     9.930    91.665    13.152
    50.000     0.884   -48.766     9.978    90.186    13.025
    51.000     0.922   -48.940    10.025    88.721    12.897
    52.000     0.962   -49.360    10.072    87.271    12.767
    53.000     1.002   -50.489    10.119    85.836    12.637
    54.000     1.041   -51.617    10.166    84.416    12.506
    55.000     1.281   -52.745    10.212    83.012    12.374
    56.000     1.525   -53.873    10.258    81.622    12.241
    57.000     1.708   -55.172    10.304    80.248    12.108
    58.000     1.699   -58.999    10.349    78.890    11.975
    59.000     1.690   -62.825    10.394    77.547    11.841
    60.000     1.681   -66.651    10.439    76.220    11.707
    61.000     1.672   -70.478    10.483    74.909    11.573
    62.000     1.652   -72.168    10.527    73.614    11.439
    63.000     1.607   -71.435    10.571    72.335    11.305
    64.000     1.563   -70.701    10.614    71.072    11.171
    65.000     1.518   -69.968    10.657    69.826    11.037
    66.000     1.459   -69.661    10.700    68.596    10.904
    67.000     1.388   -69.828    10.742    67.382    10.772
    68.000     1.316   -69.996    10.783    66.185    10.640
    69.000     1.221   -70.164    10.825    65.004    10.509
    70.000     1.110   -70.331    10.865    63.840    10.378
    71.000     1.028   -70.991    10.906    62.692    10.249
    72.000     0.957   -72.189    10.946    61.561    10.120
    73.000     0.887   -73.386    10.985    60.447     9.993
    74.000     0.878   -74.583    11.024    59.349     9.866
    75.000     1.439   -75.781    11.063    58.267     9.741
    76.000     1.203   -76.978    11.101    57.202     9.617
    77.000     0.967   -78.175    11.139    56.153     9.495
    78.000     0.934   -79.130    11.176    55.121     9.373
    79.000     1.680   -79.829    11.213    54.105     9.254
    80.000     1.713   -80.527    11.249    53.105     9.135
    81.000     1.727   -81.226    11.285    52.121     9.019
    82.000     1.741   -81.924    11.321    51.153     8.903
    83.000     1.755   -82.623    11.356    50.200     8.790
    84.000     1.769   -83.321    11.390    49.264     8.678
    85.000     1.819   -84.252    11.424    48.343     8.568
    86.000     2.019   -85.741    11.458    47.437     8.459
    87.000     2.218   -87.229    11.491    46.547     8.353
    88.000     2.417   -88.718    11.523    45.671     8.248
    89.000     2.616   -90.207    11.555    44.811     8.145
    90.000     2.815   -91.696    11.587    43.964     8.044
    91.000     2.679   -93.185    11.618    43.133     7.944
    92.000     2.542   -94.674    11.649    42.315     7.847
    93.000     2.528   -95.225    11.679    41.512     7.751
    94.000     2.620   -95.379    11.709    40.722     7.658
    95.000     2.712   -95.533    11.739    39.946     7.566
    96.000     2.804   -95.687    11.768    39.183     7.476
    97.000     2.896   -95.841    11.796    38.433     7.388
    98.000     3.293   -95.995    11.824    37.696     7.301
    99.000     3.624   -96.149    11.852    36.972     7.217
   100.000     3.347   -96.303    11.879    36.260     7.134
   101.000     3.071   -96.457    11.906    35.560     7.054
   102.000     2.794   -96.611    11.933    34.872     6.975
   103.000     2.772   -96.765    11.959    34.195     6.898
   104.000     2.825   -96.919    11.985    33.530     6.823
   105.000     2.878   -97.073    12.010    32.875     6.749
   106.000     2.799   -97.209    12.035    32.232     6.678
   107.000     2.633   -97.209    12.060    31.599     6.608
   108.000     2.467   -97.209    12.084    30.976     6.539
   109.000     2.300   -97.209    12.108    30.363     6.473
   110.000     2.420   -96.886    12.132    29.760     6.408
   111.000     2.768   -96.437    12.155    29.167     6.345
   112.000     2.667   -95.987    12.178    28.583     6.284
   113.000     2.293   -95.538    12.201    28.007     6.224
   114.000     2.053   -95.089    12.223    27.441     6.166
   115.000     1.903   -94.640    12.245    26.883     6.109
   116.000     1.754   -94.191    12.267    26.334     6.054
   117.000     1.604   -93.742    12.289    25.792     6.001
   118.000     1.475   -93.194    12.310    25.259     5.949
   119.000     1.511   -92.446    12.331    24.733     5.898
   120.000     1.548   -91.698    12.351    24.214     5.849
   121.000     1.555   -90.949    12.372    23.703     5.802
   122.000     1.555   -90.201    12.392    23.198     5.756
   123.000     1.558   -89.453    12.412    22.700     5.711
   124.000     1.587   -88.704    12.432    22.209     5.668
   125.000     1.617   -87.956    12.451    21.724     5.626
   126.000     1.684   -87.208    12.471    21.245     5.586
   127.000     1.843   -86.047    12.490    20.772     5.546
   128.000     1.784   -84.859    12.509    20.305     5.508
   129.000     1.631   -83.672    12.527    19.843     5.472
   130.000     1.555   -82.484    12.546    19.387     5.436
   131.000     1.555   -81.297    12.564    18.936     5.402
   132.000     1.560   -80.109    12.582    18.490     5.369
   133.000     1.576   -79.157    12.600    18.048     5.338
   134.000     1.592   -78.218    12.618    17.611     5.307
   135.000     1.609   -77.279    12.636    17.179     5.278
   136.000     1.625   -76.339    12.653    16.751     5.250
   137.000     1.612   -75.400    12.671    16.327     5.223
   138.000     1.475   -74.385    12.688    15.907     5.197
   139.000     1.339   -72.949    12.705    15.491     5.172
   140.000     1.203   -71.514    12.722    15.078     5.148
   141.000     1.124   -70.078    12.739    14.669     5.126
   142.000     1.103   -68.642    12.755    14.263     5.104
   143.000     1.081   -67.207    12.772    13.860     5.084
   144.000     1.060   -65.771    12.789    13.461     5.065
   145.000     1.010   -64.335    12.805    13.064     5.046
   146.000     0.935   -62.899    12.821    12.670     5.029
   147.000     0.860   -61.464    12.838    12.279     5.013
   148.000     0.785   -60.028    12.854    11.890     4.997
   149.000     0.702   -58.524    12.870    11.503     4.983
   150.000     0.490   -56.902    12.886    11.119     4.970
   151.000     0.278   -55.280    12.902    10.737     4.958
   152.000     0.310   -53.657    12.918    10.356     4.946
   153.000     0.457   -52.035    12.934     9.978     4.936
   154.000     0.463   -50.413    12.949     9.601     4.927
   155.000     0.250   -48.846    12.965     9.225     4.918
   156.000     0.044   -47.543    12.981     8.852     4.911
   157.000     0.127   -46.241    12.996     8.479     4.904
   158.000     0.210   -44.938    13.012     8.108     4.899
   159.000     0.293   -43.636    13.028     7.737     4.894
   160.000     0.376   -42.333    13.043     7.368     4.890
   161.000     0.542   -41.031    13.059     6.999     4.888
   162.000     0.521   -39.728    13.074     6.632     4.886
   163.000     0.290   -37.956    13.090     6.264     4.885
   164.000     0.060   -36.051    13.105     5.898     4.885
   165.000     0.037   -34.146    13.121     5.531     4.886
   166.000     0.032   -32.241    13.136     5.165     4.888
   167.000     0.027   -30.336    13.152     4.799     4.891
   168.000     0.021   -28.431    13.168     4.433     4.895
   169.000     0.016   -26.443    13.183     4.067     4.900
   170.000     0.011   -24.096    13.199     3.701     4.906
   171.000     0.005   -21.749    13.214     3.334     4.913
   172.000     0.000   -19.403    13.230     2.967     4.920
   173.000    -0.005   -17.056    13.246     2.599     4.929
   174.000    -0.010   -14.722    13.262     2.231     4.939
   175.000    -0.016   -12.436    13.278     1.862     4.949
   176.000    -0.021   -10.150    13.293     1.492     4.961
   177.000    -0.026    -7.864    13.309     1.121     4.974
   178.000    -0.031    -5.579    13.325     0.749     4.987
   179.000    -0.037    -3.293    13.342     0.375     5.002
   180.000    -0.042    -1.007    13.358     0.000     5.018
   182.680    -3.270    -7.000    13.402    -1.012     5.065
