! Perseus_q1q2_lbv.dat    
! Arm segment: Per        14.2   -50.0 180.0      9.90           9.40
     0.000     0.000     0.000     6.132   180.000    14.472
     1.000    -0.007     2.400     6.174   177.649    14.511
     2.000    -0.014     4.800     6.215   175.316    14.543
     3.000    -0.021     7.200     6.257   173.000    14.570
     4.000    -0.029     9.600     6.299   170.701    14.591
     5.000    -0.036    12.000     6.340   168.417    14.607
     6.000    -0.043    13.600     6.382   166.149    14.617
     7.000    -0.050    15.200     6.424   163.896    14.621
     8.000    -0.040    16.800     6.465   161.658    14.619
     9.000    -0.023    18.400     6.507   159.434    14.612
    10.000    -0.006    20.000     6.549   157.224    14.600
    11.000     0.004    20.750     6.591   155.028    14.582
    12.000     0.010    21.500     6.632   152.844    14.559
    13.000     0.016    22.250     6.674   150.674    14.531
    14.000     0.022    23.000     6.716   148.516    14.498
    15.000     0.029    23.750     6.757   146.372    14.459
    16.000     0.035    24.500     6.799   144.239    14.416
    17.000     0.041    25.250     6.841   142.119    14.367
    18.000     0.047    26.000     6.883   140.010    14.314
    19.000     0.055    26.111     6.925   137.914    14.256
    20.000     0.076    26.222     6.966   135.830    14.193
    21.000     0.096    26.333     7.008   133.757    14.125
    22.000     0.116    26.444     7.050   131.696    14.053
    23.000     0.136    26.556     7.092   129.646    13.976
    24.000     0.156    26.667     7.134   127.608    13.895
    25.000     0.100    26.600     7.176   125.582    13.809
    26.000    -0.180    25.500     7.218   123.567    13.719
    27.000     0.020    27.400     7.260   121.564    13.625
    28.000     0.050    26.000     7.301   119.572    13.527
    29.000     0.080    24.300     7.343   117.592    13.424
    30.000     0.190    24.900     7.385   115.623    13.318
    31.000     0.440    21.200     7.427   113.666    13.208
    32.000     0.460    21.800     7.469   111.721    13.094
    33.000     0.290    22.500     7.511   109.788    12.976
    34.000     0.390    23.700     7.553   107.867    12.855
    35.000     0.340    22.700     7.594   105.958    12.730
    36.000     0.300    21.600     7.636   104.062    12.602
    37.000     0.270    20.500     7.678   102.178    12.471
    38.000     0.230    19.400     7.719   100.306    12.336
    39.000     0.190    18.300     7.761    98.447    12.199
    40.000     0.150    17.200     7.803    96.602    12.058
    41.000     0.110    16.100     7.844    94.769    11.915
    42.000     0.200    14.000     7.885    92.951    11.769
    43.000     0.300    11.600     7.926    91.146    11.620
    44.000     0.320    11.200     7.968    89.354    11.469
    45.000     0.330    10.900     8.009    87.578    11.316
    46.000     0.340    10.400     8.050    85.815    11.160
    47.000     0.360    10.100     8.090    84.068    11.003
    48.000     0.270     9.500     8.131    82.336    10.843
    49.000     0.450    10.100     8.171    80.620    10.682
    50.000     0.470     9.700     8.212    78.920    10.520
    51.000     0.500     4.600     8.252    77.236    10.355
    52.000     0.470     4.100     8.291    75.568    10.190
    53.000     0.440     3.600     8.331    73.918    10.023
    54.000     0.410     3.100     8.370    72.286     9.856
    55.000     0.390     2.700     8.410    70.671     9.687
    56.000     0.360     2.200     8.448    69.075     9.519
    57.000     0.340     1.800     8.487    67.498     9.349
    58.000     0.110     2.200     8.525    65.941     9.179
    59.000     0.160    -0.600     8.563    64.403     9.010
    60.000     0.180    -3.200     8.601    62.886     8.840
    61.000     0.188    -5.900     8.638    61.389     8.670
    62.000     0.196    -8.500     8.675    59.914     8.501
    63.000     0.204   -11.100     8.712    58.460     8.333
    64.000     0.360   -14.000     8.748    57.029     8.165
    65.000     0.260   -12.200     8.783    55.620     7.998
    66.000     0.198   -19.091     8.819    54.235     7.833
    67.000     0.194   -20.848     8.853    52.873     7.668
    68.000     0.190   -22.604     8.888    51.535     7.505
    69.000     0.186   -24.361     8.921    50.222     7.344
    70.000     0.182   -25.684     8.955    48.933     7.185
    71.000     0.178   -26.711     8.987    47.670     7.027
    72.000     0.174   -27.737     9.020    46.431     6.871
    73.000     0.170   -28.763     9.051    45.219     6.718
    74.000     0.165   -29.789     9.082    44.032     6.567
    75.000     0.161   -30.816     9.113    42.871     6.419
    76.000     0.157   -31.842     9.143    41.737     6.273
    77.000     0.361   -32.868     9.172    40.629     6.130
    78.000     0.635   -33.894     9.201    39.548     5.989
    79.000     0.910   -34.921     9.229    38.492     5.852
    80.000     1.184   -35.947     9.256    37.463     5.717
    81.000     0.910   -36.973     9.283    36.461     5.586
    82.000     0.607   -37.999     9.310    35.484     5.457
    83.000     0.303   -39.085     9.335    34.534     5.332
    84.000     0.000   -40.262     9.360    33.609     5.209
    85.000     0.253   -41.439     9.384    32.709     5.090
    86.000     0.505   -42.060     9.408    31.835     4.975
    87.000     0.681   -42.538     9.431    30.985     4.862
    88.000     0.256   -43.015     9.454    30.159     4.753
    89.000    -0.168   -43.492     9.476    29.357     4.646
    90.000    -0.593   -43.970     9.497    28.579     4.543
    91.000    -0.513   -44.447     9.518    27.823     4.443
    92.000    -0.392   -44.924     9.538    27.090     4.346
    93.000    -0.266   -45.401     9.558    26.379     4.252
    94.000    -0.128   -45.886     9.577    25.688     4.161
    95.000     0.009   -46.375     9.595    25.019     4.073
    96.000     0.149   -46.865     9.613    24.369     3.988
    97.000     0.288   -47.354     9.631    23.739     3.906
    98.000     0.428   -47.843     9.648    23.127     3.827
    99.000     0.568   -48.332     9.664    22.534     3.750
   100.000     0.511   -48.822     9.681    21.959     3.676
   101.000     0.446   -49.311     9.696    21.400     3.604
   102.000     0.381   -49.557     9.711    20.858     3.535
   103.000     0.316   -49.644     9.726    20.332     3.468
   104.000     0.251   -49.731     9.741    19.821     3.404
   105.000     0.217   -49.817     9.754    19.325     3.342
   106.000     0.241   -49.904     9.768    18.843     3.282
   107.000     0.266   -49.991     9.781    18.374     3.224
   108.000     0.290   -50.077     9.794    17.919     3.168
   109.000     0.306   -50.164     9.807    17.476     3.115
   110.000     0.233   -50.251     9.819    17.046     3.063
   111.000     0.159   -50.337     9.831    16.627     3.013
   112.000     0.078   -50.422     9.842    16.219     2.965
   113.000    -0.004   -50.507     9.854    15.822     2.919
   114.000    -0.086   -50.592     9.865    15.435     2.874
   115.000    -0.111   -50.677     9.875    15.058     2.831
   116.000    -0.120   -50.761     9.886    14.691     2.789
   117.000    -0.129   -50.846     9.896    14.333     2.749
   118.000    -0.138   -50.931     9.906    13.983     2.711
   119.000    -0.147   -51.016     9.916    13.641     2.674
   120.000    -0.156   -51.101     9.926    13.308     2.638
   121.000    -0.347   -51.052     9.935    12.982     2.604
   122.000    -0.537   -50.540     9.944    12.663     2.571
   123.000    -0.656   -50.027     9.953    12.352     2.539
   124.000    -0.578   -49.447     9.962    12.047     2.508
   125.000    -0.501   -48.826     9.970    11.749     2.478
   126.000    -0.423   -48.206     9.979    11.456     2.450
   127.000    -0.345   -47.585     9.987    11.170     2.422
   128.000    -0.267   -46.965     9.995    10.889     2.396
   129.000    -0.189   -46.344    10.003    10.614     2.371
   130.000    -0.082   -45.723    10.011    10.344     2.346
   131.000     0.045   -45.103    10.019    10.078     2.323
   132.000     0.172   -44.482    10.026     9.818     2.300
   133.000     0.299   -43.861    10.034     9.562     2.279
   134.000     0.346   -43.083    10.041     9.310     2.258
   135.000     0.307   -42.217    10.048     9.062     2.238
   136.000     0.267   -41.352    10.055     8.819     2.219
   137.000     0.228   -40.486    10.062     8.579     2.201
   138.000     0.189   -39.656    10.069     8.342     2.183
   139.000     0.152   -39.442    10.076     8.110     2.166
   140.000     0.128   -39.228    10.082     7.880     2.150
   141.000     0.104   -39.014    10.089     7.653     2.135
   142.000     0.081   -38.800    10.096     7.430     2.120
   143.000     0.057   -38.078    10.102     7.209     2.106
   144.000     0.033   -37.273    10.108     6.991     2.093
   145.000     0.009   -36.468    10.115     6.775     2.080
   146.000    -0.037   -35.663    10.121     6.562     2.068
   147.000    -0.096   -34.904    10.127     6.351     2.057
   148.000    -0.155   -34.195    10.133     6.142     2.046
   149.000    -0.214   -33.486    10.139     5.935     2.036
   150.000    -0.272   -32.778    10.145     5.731     2.026
   151.000    -0.301   -32.069    10.151     5.528     2.017
   152.000    -0.265   -31.397    10.157     5.327     2.008
   153.000    -0.230   -30.764    10.163     5.127     2.000
   154.000    -0.194   -30.130    10.169     4.929     1.993
   155.000    -0.158   -29.497    10.175     4.732     1.986
   156.000    -0.122   -28.864    10.180     4.537     1.980
   157.000    -0.087   -28.231    10.186     4.342     1.974
   158.000    -0.051   -27.329    10.192     4.149     1.968
   159.000    -0.015   -26.394    10.197     3.957     1.963
   160.000     0.021   -25.459    10.203     3.766     1.959
   161.000     0.057   -24.523    10.209     3.575     1.955
   162.000     0.092   -23.588    10.214     3.386     1.952
   163.000     0.128   -22.696    10.220     3.197     1.949
   164.000     0.164   -21.823    10.225     3.008     1.947
   165.000     0.200   -20.950    10.231     2.820     1.945
   166.000     0.236   -20.077    10.236     2.633     1.943
   167.000     0.271   -19.204    10.242     2.445     1.942
   168.000     0.307   -18.330    10.248     2.258     1.942
   169.000     0.290   -17.457    10.253     2.071     1.942
   170.000     0.263   -16.583    10.259     1.885     1.943
   171.000     0.236   -15.698    10.264     1.698     1.944
   172.000     0.209   -14.814    10.270     1.511     1.945
   173.000     0.182   -13.876    10.275     1.323     1.947
   174.000     0.156   -12.551    10.281     1.136     1.950
   175.000     0.129   -11.226    10.286     0.948     1.952
   176.000     0.102    -9.900    10.292     0.760     1.956
   177.000     0.075    -8.575    10.298     0.571     1.960
   178.000     0.048    -7.250    10.303     0.381     1.964
   179.000     0.021    -5.924    10.309     0.191     1.969
   179.5       0.000    -4.780    10.315     0.000     1.975
! Perseus_q3_lbv.dat      
! Arm segment: Per        14.2   -50.0 180.0      9.90           9.40
   179.000    -0.231     0.893    10.315     0.000     1.975
   180.000    -0.231     0.893    10.315     0.000     1.975
   181.000    -0.297     2.052    10.320    -0.192     1.981
   182.000    -0.372     3.247    10.326    -0.385     1.987
   183.000    -0.447     4.428    10.332    -0.579     1.994
   184.000    -0.521     5.514    10.338    -0.774     2.002
   185.000    -0.596     6.601    10.344    -0.970     2.010
   186.000    -0.671     7.729    10.350    -1.168     2.018
   187.000    -0.746     8.957    10.355    -1.367     2.028
   188.000    -0.803    10.185    10.361    -1.568     2.037
   189.000    -0.832    11.255    10.368    -1.770     2.048
   190.000    -0.862    12.282    10.374    -1.975     2.059
   191.000    -0.891    13.426    10.380    -2.181     2.070
   192.000    -0.921    14.755    10.386    -2.389     2.083
   193.000    -0.950    15.773    10.392    -2.599     2.095
   194.000    -0.980    16.515    10.399    -2.812     2.109
   195.000    -1.026    17.486    10.405    -3.027     2.123
   196.000    -1.074    18.730    10.412    -3.244     2.138
   197.000    -1.121    19.973    10.418    -3.464     2.153
   198.000    -1.169    21.225    10.425    -3.687     2.170
   199.000    -1.217    22.481    10.432    -3.913     2.187
   200.000    -1.264    23.737    10.439    -4.142     2.205
   201.000    -0.982    24.992    10.446    -4.374     2.223
   202.000    -0.699    27.130    10.453    -4.609     2.242
   203.000    -0.417    29.419    10.460    -4.848     2.263
   204.000    -0.134    31.640    10.467    -5.091     2.284
   205.000     0.136    33.719    10.475    -5.337     2.306
   206.000     0.403    36.037    10.483    -5.587     2.328
   207.000     0.166    39.630    10.490    -5.842     2.352
   208.000    -0.276    41.239    10.498    -6.101     2.377
   209.000    -0.717    42.673    10.506    -6.365     2.403
   210.000    -1.159    43.994    10.514    -6.634     2.429
   211.000    -1.600    45.070    10.523    -6.907     2.457
   212.000    -1.903    46.318    10.531    -7.186     2.486
   213.000    -1.832    48.203    10.540    -7.471     2.516
   214.000    -1.761    49.594    10.549    -7.761     2.547
   215.000    -1.690    50.932    10.558    -8.057     2.580
   216.000    -1.561    52.253    10.567    -8.360     2.614
   217.000    -1.351    53.636    10.576    -8.669     2.649
   218.000    -1.142    55.285    10.586    -8.984     2.685
   219.000    -1.066    56.547    10.596    -9.308     2.723
   220.000    -1.024    57.758    10.606    -9.638     2.762
   221.000    -1.092    59.207    10.616    -9.976     2.803
   222.000    -1.222    60.861    10.627   -10.323     2.846
   223.000    -1.352    63.093    10.638   -10.677     2.890
   224.000    -1.483    65.325    10.649   -11.041     2.936
   225.000    -1.616    67.214    10.660   -11.414     2.984
   226.000    -1.749    69.075    10.672   -11.796     3.033
   227.000    -1.883    70.017    10.684   -12.188     3.084
   228.000    -2.016    70.662    10.697   -12.591     3.138
   229.000    -2.119    71.190    10.710   -13.004     3.193
   230.000    -2.097    71.661    10.723   -13.429     3.251
   231.000    -2.075    72.132    10.736   -13.865     3.311
   232.000    -2.052    72.979    10.750   -14.313     3.373
   233.000    -2.064    73.826    10.764   -14.774     3.437
   234.000    -2.176    74.528    10.779   -15.248     3.504
   235.000    -2.289    75.199    10.794   -15.736     3.574
   236.000    -2.402    76.641    10.810   -16.238     3.646
   237.000    -2.498    78.687    10.826   -16.754     3.721
   238.000    -2.478    80.473    10.843   -17.285     3.799
   239.000    -2.458    82.170    10.860   -17.832     3.880
   240.000    -2.437    83.359    10.878   -18.395     3.964
   241.000    -2.417    84.600    10.896   -18.975     4.051
   242.000    -2.874    86.484    10.915   -19.572     4.141
   243.000    -3.321    88.658    10.934   -20.186     4.235
   244.000    -3.706    89.282    10.954   -20.819     4.332
   245.000    -3.789    89.112    10.975   -21.471     4.432
   246.000    -3.594    89.972    10.996   -22.141     4.537
   247.000    -3.399    91.237    11.018   -22.831     4.644
   248.000    -3.203    92.771    11.041   -23.542     4.756
   249.000    -3.389    94.305    11.064   -24.273     4.872
   250.000    -3.693    95.840    11.088   -25.025     4.991
!   251.000    -3.828    97.554    11.113   -25.798     5.115
!   252.000    -3.616    99.398    11.138   -26.593     5.243
!   253.000    -3.397   101.272    11.165   -27.409     5.374
!   254.000    -3.146   103.533    11.192   -28.248     5.511
!   255.000    -2.895   105.794    11.220   -29.110     5.651
!   256.000    -2.645   106.916    11.248   -29.994     5.795
!   257.000    -2.542   107.893    11.278   -30.900     5.944
!   258.000    -2.585   108.882    11.308   -31.830     6.097
!   259.000    -2.628   110.071    11.339   -32.782     6.255
!   260.000    -2.671   111.260    11.371   -33.757     6.416
!   261.000    -2.681   112.822    11.404   -34.755     6.582
!   262.000    -2.375   114.382    11.438   -35.775     6.752
!   263.000    -2.232   115.188    11.472   -36.818     6.927
!   264.000    -2.201   115.994    11.508   -37.883     7.105
!   265.000    -2.171   117.034    11.544   -38.969     7.288
!   266.000    -2.190   118.164    11.581   -40.078     7.474
!   267.000    -2.232   119.362    11.619   -41.208     7.665
!   268.000    -2.274   120.617    11.658   -42.358     7.859
!   269.000    -2.316   121.614    11.697   -43.529     8.057
!   270.000    -2.350   122.382    11.737   -44.720     8.259
